{
 "cells": [
  {
   "cell_type": "code",
   "execution_count": 25,
   "metadata": {},
   "outputs": [],
   "source": [
    "import pandas as pd\n",
    "url = 'https://barttorvik.com/trank.php?year={yr}&sort=&top=0&conlimit=All&venue=All&type=R#'\n"
   ]
  },
  {
   "cell_type": "code",
   "execution_count": 26,
   "metadata": {},
   "outputs": [
    {
     "name": "stdout",
     "output_type": "stream",
     "text": [
      "2017\n",
      "https://barttorvik.com/trank.php?year=2017&sort=&top=0&conlimit=All&venue=All&type=R#\n",
      "2018\n",
      "https://barttorvik.com/trank.php?year=2018&sort=&top=0&conlimit=All&venue=All&type=R#\n",
      "2019\n",
      "https://barttorvik.com/trank.php?year=2019&sort=&top=0&conlimit=All&venue=All&type=R#\n",
      "2020\n",
      "https://barttorvik.com/trank.php?year=2020&sort=&top=0&conlimit=All&venue=All&type=R#\n",
      "2021\n",
      "https://barttorvik.com/trank.php?year=2021&sort=&top=0&conlimit=All&venue=All&type=R#\n",
      "2022\n",
      "https://barttorvik.com/trank.php?year=2022&sort=&top=0&conlimit=All&venue=All&type=R#\n",
      "2023\n",
      "https://barttorvik.com/trank.php?year=2023&sort=&top=0&conlimit=All&venue=All&type=R#\n",
      "2024\n",
      "https://barttorvik.com/trank.php?year=2024&sort=&top=0&conlimit=All&venue=All&type=R#\n",
      "2025\n",
      "https://barttorvik.com/trank.php?year=2025&sort=&top=0&conlimit=All&venue=All&type=R#\n"
     ]
    }
   ],
   "source": [
    "dfs = []\n",
    "for x in range(2017,2026):\n",
    "    print(x)\n",
    "    print(url.format(yr=x))\n",
    "    df = pd.read_html(url.format(yr=x), header= 1)[0]\n",
    "    df['Year'] = x\n",
    "    dfs.append(df)\n",
    "finaldf = pd.concat(dfs,ignore_index= True)"
   ]
  },
  {
   "cell_type": "code",
   "execution_count": 27,
   "metadata": {},
   "outputs": [],
   "source": [
    "#Clean up the dataset\n",
    "finaldf[['Rec', 'Conf Record']] = finaldf['Rec'].str.split(' ', expand=True)\n",
    "finaldf[['AdjOE', 'AdjOE Rank']] = finaldf['AdjOE'].str.split(' ', expand=True)\n",
    "finaldf[['AdjDE', 'AdjDE Rank']] = finaldf['AdjDE'].str.split(' ', expand=True)\n",
    "finaldf[['Barthag', 'Barthag Rank']] = finaldf['Barthag'].str.split(' ', expand=True)\n",
    "finaldf[['EFG%', 'EFG% Rank']] = finaldf['EFG%'].str.split(' ', expand=True)\n",
    "finaldf[['EFGD%', 'EFGD% Rank']] = finaldf['EFGD%'].str.split(' ', expand=True)\n",
    "finaldf[['TOR', 'TOR Rank']] = finaldf['TOR'].str.split(' ', expand=True)\n",
    "finaldf[['TORD', 'TORD Rank']] = finaldf['TORD'].str.split(' ', expand=True)\n",
    "finaldf[['ORB', 'ORB Rank']] = finaldf['ORB'].str.split(' ', expand=True)\n",
    "finaldf[['DRB', 'DRB Rank']] = finaldf['DRB'].str.split(' ', expand=True)\n",
    "finaldf[['FTR', 'FTR Rank']] = finaldf['FTR'].str.split(' ', expand=True)\n",
    "finaldf[['FTRD', 'FTRD Rank']] = finaldf['FTRD'].str.split(' ', expand=True)\n",
    "finaldf[['2P%', '2P% Rank']] = finaldf['2P%'].str.split(' ', expand=True)\n",
    "finaldf[['2P%D', '2P%D Rank']] = finaldf['2P%D'].str.split(' ', expand=True)\n",
    "finaldf[['3P%', '3P% Rank']] = finaldf['3P%'].str.split(' ', expand=True)\n",
    "finaldf[['3P%D', '3P%D Rank']] = finaldf['3P%D'].str.split(' ', expand=True)\n",
    "finaldf[['3PR', '3PR Rank']] = finaldf['3PR'].str.split(' ', expand=True)\n",
    "finaldf[['3PRD', '3PRD Rank']] = finaldf['3PRD'].str.split(' ', expand=True)\n",
    "finaldf[['Adj T.', 'Adj T. Rank']] = finaldf['Adj T.'].str.split(' ', expand=True)\n",
    "finaldf[['WAB', 'WAB Rank']] = finaldf['WAB'].str.split(' ', expand=True)\n",
    "finaldf = finaldf[finaldf['Team']!= \"Team\"]"
   ]
  },
  {
   "cell_type": "code",
   "execution_count": 28,
   "metadata": {},
   "outputs": [
    {
     "name": "stdout",
     "output_type": "stream",
     "text": [
      "   Rk                            Team Conf   G    Rec  AdjOE  AdjDE  Barthag  \\\n",
      "0   1         Gonzaga  1 seed, Finals  WCC  33   32–1  119.8   88.0   0.9720   \n",
      "1   2          Villanova  1 seed, R32   BE  34   31–3  122.2   92.2   0.9622   \n",
      "2   3           Virginia  5 seed, R32  ACC  32  22–10  114.1   86.7   0.9591   \n",
      "3   4   Kentucky  2 seed, Elite Eight  SEC  34   29–5  119.2   91.5   0.9545   \n",
      "4   5  North Carolina  1 seed, CHAMPS  ACC  33   26–7  121.0   93.1   0.9531   \n",
      "\n",
      "   EFG%  EFGD%  ...  FTR Rank  FTRD Rank  2P% Rank  2P%D Rank  3P% Rank  \\\n",
      "0  58.0   41.6  ...        92         12         4          2        43   \n",
      "1  57.9   48.1  ...       173          1         2        155        78   \n",
      "2  52.9   45.7  ...       349        151       138         28        19   \n",
      "3  53.2   47.4  ...        31        164        35        122       156   \n",
      "4  52.3   48.5  ...       246         79        94         71        88   \n",
      "\n",
      "   3P%D Rank  3PR Rank  3PRD Rank  Adj T. Rank  WAB Rank  \n",
      "0          7       265         35           65         8  \n",
      "1         25        25        299          315         1  \n",
      "2         22       251        290          351        22  \n",
      "3         13       285         50           14         3  \n",
      "4        117       311        277           38         5  \n",
      "\n",
      "[5 rows x 45 columns]\n"
     ]
    },
    {
     "name": "stderr",
     "output_type": "stream",
     "text": [
      "C:\\Users\\manas\\AppData\\Local\\Temp\\ipykernel_12648\\607940783.py:1: FutureWarning: errors='ignore' is deprecated and will raise in a future version. Use to_numeric without passing `errors` and catch exceptions explicitly instead\n",
      "  finaldf = finaldf.apply(pd.to_numeric, errors='ignore')\n"
     ]
    }
   ],
   "source": [
    "finaldf = finaldf.apply(pd.to_numeric, errors='ignore')\n",
    "print(finaldf.head())"
   ]
  },
  {
   "cell_type": "code",
   "execution_count": 29,
   "metadata": {},
   "outputs": [],
   "source": [
    "def extract_tournament_result(input_string):\n",
    "    if \"seed\" in input_string:\n",
    "        parts = input_string.split(\"seed,\")\n",
    "        if len(parts) > 1:\n",
    "            tounament_result = parts[1].strip()\n",
    "            return tounament_result\n",
    "    return None\n",
    "\n",
    "import re\n",
    "def extract_seed(input_string):\n",
    "    match = re.search(r'(...)(?=seed)',input_string)\n",
    "    if match:\n",
    "        return match.group(1)\n",
    "    return None\n",
    "\n",
    "def extract_team_name(input_string):\n",
    "    # Use regular expression to find three characters before \"seed\"\n",
    "    match = re.search(r'^(.*?)...(?=seed)', input_string)\n",
    "    if match:\n",
    "        # Extract the matched substring\n",
    "        return match.group(1)\n",
    "    return input_string\n",
    "\n",
    "#Adding some labeling columns for analysis later\n",
    "def get_tournament_games_won (input_string):\n",
    "    \n",
    "    if(input_string== \"R68\" or input_string == \"R64\"):\n",
    "            return 0\n",
    "    else:\n",
    "          if(input_string == \"R32\"):\n",
    "                return 1\n",
    "          else:\n",
    "                if(input_string == \"Sweet Sixteen\"):\n",
    "                      return 2\n",
    "                else:\n",
    "                      if(input_string == \"Elite Eight\"):\n",
    "                            return 3\n",
    "                      else:\n",
    "                            if(input_string == \"Final Four\"):\n",
    "                                  return 4\n",
    "                            else:\n",
    "                                  if(input_string == \"Finals\"):\n",
    "                                        return 5\n",
    "                                  else:\n",
    "                                        if(input_string ==\"CHAMPS\"):\n",
    "                                              return 6\n",
    "                                        else:\n",
    "                                            return 0"
   ]
  },
  {
   "cell_type": "code",
   "execution_count": 30,
   "metadata": {},
   "outputs": [
    {
     "name": "stderr",
     "output_type": "stream",
     "text": [
      "C:\\Users\\manas\\AppData\\Local\\Temp\\ipykernel_12648\\1904196500.py:5: FutureWarning: errors='ignore' is deprecated and will raise in a future version. Use to_numeric without passing `errors` and catch exceptions explicitly instead\n",
      "  clean_df = clean_df.apply(pd.to_numeric, errors='ignore')\n"
     ]
    }
   ],
   "source": [
    "clean_df = finaldf.copy()\n",
    "clean_df['Tournament Result'] = clean_df['Team'].apply(extract_tournament_result)\n",
    "clean_df['Tournament Seed'] = clean_df['Team'].apply(extract_seed)\n",
    "clean_df['Team'] = clean_df['Team'].apply(extract_team_name)\n",
    "clean_df = clean_df.apply(pd.to_numeric, errors='ignore')\n",
    "clean_df['Tournament Games Won'] = clean_df['Tournament Result'].apply(get_tournament_games_won)"
   ]
  },
  {
   "cell_type": "code",
   "execution_count": 31,
   "metadata": {},
   "outputs": [
    {
     "name": "stdout",
     "output_type": "stream",
     "text": [
      "   Rk             Team Conf   G    Rec  AdjOE  AdjDE  Barthag  EFG%  EFGD%  \\\n",
      "0   1         Gonzaga   WCC  33   32–1  119.8   88.0   0.9720  58.0   41.6   \n",
      "1   2       Villanova    BE  34   31–3  122.2   92.2   0.9622  57.9   48.1   \n",
      "2   3        Virginia   ACC  32  22–10  114.1   86.7   0.9591  52.9   45.7   \n",
      "3   4        Kentucky   SEC  34   29–5  119.2   91.5   0.9545  53.2   47.4   \n",
      "4   5  North Carolina   ACC  33   26–7  121.0   93.1   0.9531  52.3   48.5   \n",
      "\n",
      "   ...  3P%D   3PR  3PRD  Adj T.   WAB  Year  Conf Record  Tournament Result  \\\n",
      "0  ...  30.0  32.6  31.8    71.8   7.8  2017         17–1             Finals   \n",
      "1  ...  31.3  44.1  40.2    65.8  11.0  2017         15–3                R32   \n",
      "2  ...  31.2  33.2  39.7    60.3   5.0  2017         11–7                R32   \n",
      "3  ...  30.7  31.6  32.7    74.6   9.0  2017         16–2        Elite Eight   \n",
      "4  ...  34.2  30.0  39.4    72.7   8.3  2017         14–4             CHAMPS   \n",
      "\n",
      "   Tournament Seed  Tournament Games Won  \n",
      "0              1.0                     5  \n",
      "1              1.0                     1  \n",
      "2              5.0                     1  \n",
      "3              2.0                     3  \n",
      "4              1.0                     6  \n",
      "\n",
      "[5 rows x 29 columns]\n"
     ]
    }
   ],
   "source": [
    "#Remove all columns with word rank in it\n",
    "clean_df = clean_df[clean_df.columns.drop(list(clean_df.filter(regex='Rank')))]\n",
    "print(clean_df.head())"
   ]
  },
  {
   "cell_type": "code",
   "execution_count": 32,
   "metadata": {},
   "outputs": [
    {
     "data": {
      "text/plain": [
       "0       17.7\n",
       "1       20.2\n",
       "2       21.0\n",
       "3       19.4\n",
       "4       18.7\n",
       "        ... \n",
       "3322    15.1\n",
       "3323    14.7\n",
       "3324    16.6\n",
       "3325    20.0\n",
       "3326    14.8\n",
       "Name: TORD, Length: 3202, dtype: float64"
      ]
     },
     "execution_count": 32,
     "metadata": {},
     "output_type": "execute_result"
    }
   ],
   "source": [
    "clean_df['TORD']"
   ]
  },
  {
   "cell_type": "code",
   "execution_count": 33,
   "metadata": {},
   "outputs": [
    {
     "data": {
      "text/plain": [
       "Index(['Rk', 'Team', 'Conf', 'G', 'Rec', 'AdjOE', 'AdjDE', 'Barthag', 'EFG%',\n",
       "       'EFGD%', 'TOR', 'TORD', 'ORB', 'DRB', 'FTR', 'FTRD', '2P%', '2P%D',\n",
       "       '3P%', '3P%D', '3PR', '3PRD', 'Adj T.', 'WAB', 'Year', 'Conf Record',\n",
       "       'Tournament Result', 'Tournament Seed', 'Tournament Games Won'],\n",
       "      dtype='object')"
      ]
     },
     "execution_count": 33,
     "metadata": {},
     "output_type": "execute_result"
    }
   ],
   "source": [
    "clean_df.columns "
   ]
  },
  {
   "cell_type": "code",
   "execution_count": 34,
   "metadata": {},
   "outputs": [],
   "source": [
    "#Normalize each metric by calculating the z-score for each year except adj metrics\n",
    "clean_df['EFG Z'] = clean_df.groupby('Year')['EFG%'].transform(lambda x: (x - x.mean()) / x.std())\n",
    "clean_df['EFGD Z'] = clean_df.groupby('Year')['EFGD%'].transform(lambda x: (x - x.mean()) / x.std())\n",
    "clean_df['TOR Z'] = clean_df.groupby('Year')['TOR'].transform(lambda x: (x - x.mean()) / x.std())\n",
    "clean_df['TORD Z'] = clean_df.groupby('Year')['TORD'].transform(lambda x: (x - x.mean()) / x.std())\n",
    "clean_df['ORB Z'] = clean_df.groupby('Year')['ORB'].transform(lambda x: (x - x.mean()) / x.std())\n",
    "clean_df['DRB Z'] = clean_df.groupby('Year')['DRB'].transform(lambda x: (x - x.mean()) / x.std())\n",
    "clean_df['FTR Z'] = clean_df.groupby('Year')['FTR'].transform(lambda x: (x - x.mean()) / x.std())\n",
    "clean_df['FTRD Z'] = clean_df.groupby('Year')['FTRD'].transform(lambda x: (x - x.mean()) / x.std())\n",
    "clean_df['2P Z'] = clean_df.groupby('Year')['2P%'].transform(lambda x: (x - x.mean()) / x.std())\n",
    "clean_df['2PD Z'] = clean_df.groupby('Year')['2P%D'].transform(lambda x: (x - x.mean()) / x.std())\n",
    "clean_df['3P Z'] = clean_df.groupby('Year')['3P%'].transform(lambda x: (x - x.mean()) / x.std())\n",
    "clean_df['3PD Z'] = clean_df.groupby('Year')['3P%D'].transform(lambda x: (x - x.mean()) / x.std())\n",
    "clean_df['3PR Z'] = clean_df.groupby('Year')['3PR'].transform(lambda x: (x - x.mean()) / x.std())\n",
    "clean_df['3PRD Z'] = clean_df.groupby('Year')['3PRD'].transform(lambda x: (x - x.mean()) / x.std())\n",
    "clean_df['Adj T Z'] = clean_df.groupby('Year')['Adj T.'].transform(lambda x: (x - x.mean()) / x.std())\n",
    "clean_df['WAB Z'] = clean_df.groupby('Year')['WAB'].transform(lambda x: (x - x.mean()) / x.std())"
   ]
  },
  {
   "cell_type": "code",
   "execution_count": 165,
   "metadata": {},
   "outputs": [],
   "source": [
    "z_scores_list = ['EFG Z','EFGD Z','TOR Z','TORD Z','ORB Z','DRB Z','FTR Z','FTRD Z','2P Z','2PD Z','3P Z','3PD Z','3PR Z','3PRD Z','Adj T Z']"
   ]
  },
  {
   "cell_type": "code",
   "execution_count": 166,
   "metadata": {},
   "outputs": [
    {
     "data": {
      "text/html": [
       "<div>\n",
       "<style scoped>\n",
       "    .dataframe tbody tr th:only-of-type {\n",
       "        vertical-align: middle;\n",
       "    }\n",
       "\n",
       "    .dataframe tbody tr th {\n",
       "        vertical-align: top;\n",
       "    }\n",
       "\n",
       "    .dataframe thead th {\n",
       "        text-align: right;\n",
       "    }\n",
       "</style>\n",
       "<table border=\"1\" class=\"dataframe\">\n",
       "  <thead>\n",
       "    <tr style=\"text-align: right;\">\n",
       "      <th></th>\n",
       "      <th>EFG Z</th>\n",
       "      <th>EFGD Z</th>\n",
       "      <th>TOR Z</th>\n",
       "      <th>TORD Z</th>\n",
       "      <th>ORB Z</th>\n",
       "      <th>DRB Z</th>\n",
       "      <th>FTR Z</th>\n",
       "      <th>FTRD Z</th>\n",
       "      <th>2P Z</th>\n",
       "      <th>2PD Z</th>\n",
       "      <th>3P Z</th>\n",
       "      <th>3PD Z</th>\n",
       "      <th>3PR Z</th>\n",
       "      <th>3PRD Z</th>\n",
       "      <th>Adj T Z</th>\n",
       "    </tr>\n",
       "  </thead>\n",
       "  <tbody>\n",
       "    <tr>\n",
       "      <th>EFG Z</th>\n",
       "      <td>1.000000</td>\n",
       "      <td>-0.211129</td>\n",
       "      <td>-0.349638</td>\n",
       "      <td>-0.131793</td>\n",
       "      <td>-0.075730</td>\n",
       "      <td>-0.322410</td>\n",
       "      <td>-0.031312</td>\n",
       "      <td>-0.366186</td>\n",
       "      <td>0.890969</td>\n",
       "      <td>-0.189085</td>\n",
       "      <td>0.757804</td>\n",
       "      <td>-0.156195</td>\n",
       "      <td>0.303518</td>\n",
       "      <td>-0.036438</td>\n",
       "      <td>0.043055</td>\n",
       "    </tr>\n",
       "    <tr>\n",
       "      <th>EFGD Z</th>\n",
       "      <td>-0.211129</td>\n",
       "      <td>1.000000</td>\n",
       "      <td>0.099166</td>\n",
       "      <td>-0.076970</td>\n",
       "      <td>-0.322630</td>\n",
       "      <td>0.252138</td>\n",
       "      <td>-0.136568</td>\n",
       "      <td>0.105755</td>\n",
       "      <td>-0.229336</td>\n",
       "      <td>0.897719</td>\n",
       "      <td>-0.107221</td>\n",
       "      <td>0.737977</td>\n",
       "      <td>0.057900</td>\n",
       "      <td>0.144709</td>\n",
       "      <td>0.136946</td>\n",
       "    </tr>\n",
       "    <tr>\n",
       "      <th>TOR Z</th>\n",
       "      <td>-0.349638</td>\n",
       "      <td>0.099166</td>\n",
       "      <td>1.000000</td>\n",
       "      <td>0.105613</td>\n",
       "      <td>0.169106</td>\n",
       "      <td>0.225889</td>\n",
       "      <td>0.205623</td>\n",
       "      <td>0.316970</td>\n",
       "      <td>-0.278162</td>\n",
       "      <td>0.091634</td>\n",
       "      <td>-0.308332</td>\n",
       "      <td>0.067584</td>\n",
       "      <td>-0.168500</td>\n",
       "      <td>0.035128</td>\n",
       "      <td>-0.009411</td>\n",
       "    </tr>\n",
       "    <tr>\n",
       "      <th>TORD Z</th>\n",
       "      <td>-0.131793</td>\n",
       "      <td>-0.076970</td>\n",
       "      <td>0.105613</td>\n",
       "      <td>1.000000</td>\n",
       "      <td>0.183672</td>\n",
       "      <td>0.302476</td>\n",
       "      <td>0.154281</td>\n",
       "      <td>0.406768</td>\n",
       "      <td>-0.079365</td>\n",
       "      <td>-0.038205</td>\n",
       "      <td>-0.146930</td>\n",
       "      <td>-0.112436</td>\n",
       "      <td>-0.180197</td>\n",
       "      <td>0.092790</td>\n",
       "      <td>0.026851</td>\n",
       "    </tr>\n",
       "    <tr>\n",
       "      <th>ORB Z</th>\n",
       "      <td>-0.075730</td>\n",
       "      <td>-0.322630</td>\n",
       "      <td>0.169106</td>\n",
       "      <td>0.183672</td>\n",
       "      <td>1.000000</td>\n",
       "      <td>-0.019945</td>\n",
       "      <td>0.227818</td>\n",
       "      <td>0.135665</td>\n",
       "      <td>-0.032975</td>\n",
       "      <td>-0.315817</td>\n",
       "      <td>-0.099164</td>\n",
       "      <td>-0.195492</td>\n",
       "      <td>-0.312615</td>\n",
       "      <td>-0.010540</td>\n",
       "      <td>-0.015994</td>\n",
       "    </tr>\n",
       "    <tr>\n",
       "      <th>DRB Z</th>\n",
       "      <td>-0.322410</td>\n",
       "      <td>0.252138</td>\n",
       "      <td>0.225889</td>\n",
       "      <td>0.302476</td>\n",
       "      <td>-0.019945</td>\n",
       "      <td>1.000000</td>\n",
       "      <td>0.044239</td>\n",
       "      <td>0.217859</td>\n",
       "      <td>-0.296255</td>\n",
       "      <td>0.271237</td>\n",
       "      <td>-0.229003</td>\n",
       "      <td>0.120050</td>\n",
       "      <td>-0.087817</td>\n",
       "      <td>-0.009163</td>\n",
       "      <td>0.226208</td>\n",
       "    </tr>\n",
       "    <tr>\n",
       "      <th>FTR Z</th>\n",
       "      <td>-0.031312</td>\n",
       "      <td>-0.136568</td>\n",
       "      <td>0.205623</td>\n",
       "      <td>0.154281</td>\n",
       "      <td>0.227818</td>\n",
       "      <td>0.044239</td>\n",
       "      <td>1.000000</td>\n",
       "      <td>0.192765</td>\n",
       "      <td>0.014020</td>\n",
       "      <td>-0.111152</td>\n",
       "      <td>-0.079442</td>\n",
       "      <td>-0.118525</td>\n",
       "      <td>-0.286052</td>\n",
       "      <td>-0.035702</td>\n",
       "      <td>0.192406</td>\n",
       "    </tr>\n",
       "    <tr>\n",
       "      <th>FTRD Z</th>\n",
       "      <td>-0.366186</td>\n",
       "      <td>0.105755</td>\n",
       "      <td>0.316970</td>\n",
       "      <td>0.406768</td>\n",
       "      <td>0.135665</td>\n",
       "      <td>0.217859</td>\n",
       "      <td>0.192765</td>\n",
       "      <td>1.000000</td>\n",
       "      <td>-0.352653</td>\n",
       "      <td>0.112998</td>\n",
       "      <td>-0.240548</td>\n",
       "      <td>0.049703</td>\n",
       "      <td>-0.198432</td>\n",
       "      <td>-0.071345</td>\n",
       "      <td>0.094261</td>\n",
       "    </tr>\n",
       "    <tr>\n",
       "      <th>2P Z</th>\n",
       "      <td>0.890969</td>\n",
       "      <td>-0.229336</td>\n",
       "      <td>-0.278162</td>\n",
       "      <td>-0.079365</td>\n",
       "      <td>-0.032975</td>\n",
       "      <td>-0.296255</td>\n",
       "      <td>0.014020</td>\n",
       "      <td>-0.352653</td>\n",
       "      <td>1.000000</td>\n",
       "      <td>-0.199141</td>\n",
       "      <td>0.388886</td>\n",
       "      <td>-0.179502</td>\n",
       "      <td>0.268552</td>\n",
       "      <td>-0.042581</td>\n",
       "      <td>0.080468</td>\n",
       "    </tr>\n",
       "    <tr>\n",
       "      <th>2PD Z</th>\n",
       "      <td>-0.189085</td>\n",
       "      <td>0.897719</td>\n",
       "      <td>0.091634</td>\n",
       "      <td>-0.038205</td>\n",
       "      <td>-0.315817</td>\n",
       "      <td>0.271237</td>\n",
       "      <td>-0.111152</td>\n",
       "      <td>0.112998</td>\n",
       "      <td>-0.199141</td>\n",
       "      <td>1.000000</td>\n",
       "      <td>-0.106619</td>\n",
       "      <td>0.371066</td>\n",
       "      <td>0.084582</td>\n",
       "      <td>0.122237</td>\n",
       "      <td>0.148795</td>\n",
       "    </tr>\n",
       "    <tr>\n",
       "      <th>3P Z</th>\n",
       "      <td>0.757804</td>\n",
       "      <td>-0.107221</td>\n",
       "      <td>-0.308332</td>\n",
       "      <td>-0.146930</td>\n",
       "      <td>-0.099164</td>\n",
       "      <td>-0.229003</td>\n",
       "      <td>-0.079442</td>\n",
       "      <td>-0.240548</td>\n",
       "      <td>0.388886</td>\n",
       "      <td>-0.106619</td>\n",
       "      <td>1.000000</td>\n",
       "      <td>-0.062312</td>\n",
       "      <td>0.212134</td>\n",
       "      <td>-0.013346</td>\n",
       "      <td>-0.021585</td>\n",
       "    </tr>\n",
       "    <tr>\n",
       "      <th>3PD Z</th>\n",
       "      <td>-0.156195</td>\n",
       "      <td>0.737977</td>\n",
       "      <td>0.067584</td>\n",
       "      <td>-0.112436</td>\n",
       "      <td>-0.195492</td>\n",
       "      <td>0.120050</td>\n",
       "      <td>-0.118525</td>\n",
       "      <td>0.049703</td>\n",
       "      <td>-0.179502</td>\n",
       "      <td>0.371066</td>\n",
       "      <td>-0.062312</td>\n",
       "      <td>1.000000</td>\n",
       "      <td>-0.003464</td>\n",
       "      <td>0.088169</td>\n",
       "      <td>0.066695</td>\n",
       "    </tr>\n",
       "    <tr>\n",
       "      <th>3PR Z</th>\n",
       "      <td>0.303518</td>\n",
       "      <td>0.057900</td>\n",
       "      <td>-0.168500</td>\n",
       "      <td>-0.180197</td>\n",
       "      <td>-0.312615</td>\n",
       "      <td>-0.087817</td>\n",
       "      <td>-0.286052</td>\n",
       "      <td>-0.198432</td>\n",
       "      <td>0.268552</td>\n",
       "      <td>0.084582</td>\n",
       "      <td>0.212134</td>\n",
       "      <td>-0.003464</td>\n",
       "      <td>1.000000</td>\n",
       "      <td>-0.007484</td>\n",
       "      <td>-0.012752</td>\n",
       "    </tr>\n",
       "    <tr>\n",
       "      <th>3PRD Z</th>\n",
       "      <td>-0.036438</td>\n",
       "      <td>0.144709</td>\n",
       "      <td>0.035128</td>\n",
       "      <td>0.092790</td>\n",
       "      <td>-0.010540</td>\n",
       "      <td>-0.009163</td>\n",
       "      <td>-0.035702</td>\n",
       "      <td>-0.071345</td>\n",
       "      <td>-0.042581</td>\n",
       "      <td>0.122237</td>\n",
       "      <td>-0.013346</td>\n",
       "      <td>0.088169</td>\n",
       "      <td>-0.007484</td>\n",
       "      <td>1.000000</td>\n",
       "      <td>-0.095450</td>\n",
       "    </tr>\n",
       "    <tr>\n",
       "      <th>Adj T Z</th>\n",
       "      <td>0.043055</td>\n",
       "      <td>0.136946</td>\n",
       "      <td>-0.009411</td>\n",
       "      <td>0.026851</td>\n",
       "      <td>-0.015994</td>\n",
       "      <td>0.226208</td>\n",
       "      <td>0.192406</td>\n",
       "      <td>0.094261</td>\n",
       "      <td>0.080468</td>\n",
       "      <td>0.148795</td>\n",
       "      <td>-0.021585</td>\n",
       "      <td>0.066695</td>\n",
       "      <td>-0.012752</td>\n",
       "      <td>-0.095450</td>\n",
       "      <td>1.000000</td>\n",
       "    </tr>\n",
       "  </tbody>\n",
       "</table>\n",
       "</div>"
      ],
      "text/plain": [
       "            EFG Z    EFGD Z     TOR Z    TORD Z     ORB Z     DRB Z     FTR Z  \\\n",
       "EFG Z    1.000000 -0.211129 -0.349638 -0.131793 -0.075730 -0.322410 -0.031312   \n",
       "EFGD Z  -0.211129  1.000000  0.099166 -0.076970 -0.322630  0.252138 -0.136568   \n",
       "TOR Z   -0.349638  0.099166  1.000000  0.105613  0.169106  0.225889  0.205623   \n",
       "TORD Z  -0.131793 -0.076970  0.105613  1.000000  0.183672  0.302476  0.154281   \n",
       "ORB Z   -0.075730 -0.322630  0.169106  0.183672  1.000000 -0.019945  0.227818   \n",
       "DRB Z   -0.322410  0.252138  0.225889  0.302476 -0.019945  1.000000  0.044239   \n",
       "FTR Z   -0.031312 -0.136568  0.205623  0.154281  0.227818  0.044239  1.000000   \n",
       "FTRD Z  -0.366186  0.105755  0.316970  0.406768  0.135665  0.217859  0.192765   \n",
       "2P Z     0.890969 -0.229336 -0.278162 -0.079365 -0.032975 -0.296255  0.014020   \n",
       "2PD Z   -0.189085  0.897719  0.091634 -0.038205 -0.315817  0.271237 -0.111152   \n",
       "3P Z     0.757804 -0.107221 -0.308332 -0.146930 -0.099164 -0.229003 -0.079442   \n",
       "3PD Z   -0.156195  0.737977  0.067584 -0.112436 -0.195492  0.120050 -0.118525   \n",
       "3PR Z    0.303518  0.057900 -0.168500 -0.180197 -0.312615 -0.087817 -0.286052   \n",
       "3PRD Z  -0.036438  0.144709  0.035128  0.092790 -0.010540 -0.009163 -0.035702   \n",
       "Adj T Z  0.043055  0.136946 -0.009411  0.026851 -0.015994  0.226208  0.192406   \n",
       "\n",
       "           FTRD Z      2P Z     2PD Z      3P Z     3PD Z     3PR Z    3PRD Z  \\\n",
       "EFG Z   -0.366186  0.890969 -0.189085  0.757804 -0.156195  0.303518 -0.036438   \n",
       "EFGD Z   0.105755 -0.229336  0.897719 -0.107221  0.737977  0.057900  0.144709   \n",
       "TOR Z    0.316970 -0.278162  0.091634 -0.308332  0.067584 -0.168500  0.035128   \n",
       "TORD Z   0.406768 -0.079365 -0.038205 -0.146930 -0.112436 -0.180197  0.092790   \n",
       "ORB Z    0.135665 -0.032975 -0.315817 -0.099164 -0.195492 -0.312615 -0.010540   \n",
       "DRB Z    0.217859 -0.296255  0.271237 -0.229003  0.120050 -0.087817 -0.009163   \n",
       "FTR Z    0.192765  0.014020 -0.111152 -0.079442 -0.118525 -0.286052 -0.035702   \n",
       "FTRD Z   1.000000 -0.352653  0.112998 -0.240548  0.049703 -0.198432 -0.071345   \n",
       "2P Z    -0.352653  1.000000 -0.199141  0.388886 -0.179502  0.268552 -0.042581   \n",
       "2PD Z    0.112998 -0.199141  1.000000 -0.106619  0.371066  0.084582  0.122237   \n",
       "3P Z    -0.240548  0.388886 -0.106619  1.000000 -0.062312  0.212134 -0.013346   \n",
       "3PD Z    0.049703 -0.179502  0.371066 -0.062312  1.000000 -0.003464  0.088169   \n",
       "3PR Z   -0.198432  0.268552  0.084582  0.212134 -0.003464  1.000000 -0.007484   \n",
       "3PRD Z  -0.071345 -0.042581  0.122237 -0.013346  0.088169 -0.007484  1.000000   \n",
       "Adj T Z  0.094261  0.080468  0.148795 -0.021585  0.066695 -0.012752 -0.095450   \n",
       "\n",
       "          Adj T Z  \n",
       "EFG Z    0.043055  \n",
       "EFGD Z   0.136946  \n",
       "TOR Z   -0.009411  \n",
       "TORD Z   0.026851  \n",
       "ORB Z   -0.015994  \n",
       "DRB Z    0.226208  \n",
       "FTR Z    0.192406  \n",
       "FTRD Z   0.094261  \n",
       "2P Z     0.080468  \n",
       "2PD Z    0.148795  \n",
       "3P Z    -0.021585  \n",
       "3PD Z    0.066695  \n",
       "3PR Z   -0.012752  \n",
       "3PRD Z  -0.095450  \n",
       "Adj T Z  1.000000  "
      ]
     },
     "execution_count": 166,
     "metadata": {},
     "output_type": "execute_result"
    }
   ],
   "source": [
    "#Get correlations of z-scores with tournament seed\n",
    "clean_df[z_scores_list].corr()"
   ]
  },
  {
   "cell_type": "code",
   "execution_count": 167,
   "metadata": {},
   "outputs": [
    {
     "name": "stderr",
     "output_type": "stream",
     "text": [
      "c:\\Users\\manas\\anaconda3\\Lib\\site-packages\\sklearn\\cluster\\_kmeans.py:1446: UserWarning: KMeans is known to have a memory leak on Windows with MKL, when there are less chunks than available threads. You can avoid it by setting the environment variable OMP_NUM_THREADS=13.\n",
      "  warnings.warn(\n",
      "c:\\Users\\manas\\anaconda3\\Lib\\site-packages\\sklearn\\cluster\\_kmeans.py:1446: UserWarning: KMeans is known to have a memory leak on Windows with MKL, when there are less chunks than available threads. You can avoid it by setting the environment variable OMP_NUM_THREADS=13.\n",
      "  warnings.warn(\n",
      "c:\\Users\\manas\\anaconda3\\Lib\\site-packages\\sklearn\\cluster\\_kmeans.py:1446: UserWarning: KMeans is known to have a memory leak on Windows with MKL, when there are less chunks than available threads. You can avoid it by setting the environment variable OMP_NUM_THREADS=13.\n",
      "  warnings.warn(\n",
      "c:\\Users\\manas\\anaconda3\\Lib\\site-packages\\sklearn\\cluster\\_kmeans.py:1446: UserWarning: KMeans is known to have a memory leak on Windows with MKL, when there are less chunks than available threads. You can avoid it by setting the environment variable OMP_NUM_THREADS=13.\n",
      "  warnings.warn(\n",
      "c:\\Users\\manas\\anaconda3\\Lib\\site-packages\\sklearn\\cluster\\_kmeans.py:1446: UserWarning: KMeans is known to have a memory leak on Windows with MKL, when there are less chunks than available threads. You can avoid it by setting the environment variable OMP_NUM_THREADS=13.\n",
      "  warnings.warn(\n",
      "c:\\Users\\manas\\anaconda3\\Lib\\site-packages\\sklearn\\cluster\\_kmeans.py:1446: UserWarning: KMeans is known to have a memory leak on Windows with MKL, when there are less chunks than available threads. You can avoid it by setting the environment variable OMP_NUM_THREADS=13.\n",
      "  warnings.warn(\n",
      "c:\\Users\\manas\\anaconda3\\Lib\\site-packages\\sklearn\\cluster\\_kmeans.py:1446: UserWarning: KMeans is known to have a memory leak on Windows with MKL, when there are less chunks than available threads. You can avoid it by setting the environment variable OMP_NUM_THREADS=13.\n",
      "  warnings.warn(\n",
      "c:\\Users\\manas\\anaconda3\\Lib\\site-packages\\sklearn\\cluster\\_kmeans.py:1446: UserWarning: KMeans is known to have a memory leak on Windows with MKL, when there are less chunks than available threads. You can avoid it by setting the environment variable OMP_NUM_THREADS=13.\n",
      "  warnings.warn(\n",
      "c:\\Users\\manas\\anaconda3\\Lib\\site-packages\\sklearn\\cluster\\_kmeans.py:1446: UserWarning: KMeans is known to have a memory leak on Windows with MKL, when there are less chunks than available threads. You can avoid it by setting the environment variable OMP_NUM_THREADS=13.\n",
      "  warnings.warn(\n",
      "c:\\Users\\manas\\anaconda3\\Lib\\site-packages\\sklearn\\cluster\\_kmeans.py:1446: UserWarning: KMeans is known to have a memory leak on Windows with MKL, when there are less chunks than available threads. You can avoid it by setting the environment variable OMP_NUM_THREADS=13.\n",
      "  warnings.warn(\n",
      "c:\\Users\\manas\\anaconda3\\Lib\\site-packages\\sklearn\\cluster\\_kmeans.py:1446: UserWarning: KMeans is known to have a memory leak on Windows with MKL, when there are less chunks than available threads. You can avoid it by setting the environment variable OMP_NUM_THREADS=13.\n",
      "  warnings.warn(\n",
      "c:\\Users\\manas\\anaconda3\\Lib\\site-packages\\sklearn\\cluster\\_kmeans.py:1446: UserWarning: KMeans is known to have a memory leak on Windows with MKL, when there are less chunks than available threads. You can avoid it by setting the environment variable OMP_NUM_THREADS=13.\n",
      "  warnings.warn(\n",
      "c:\\Users\\manas\\anaconda3\\Lib\\site-packages\\sklearn\\cluster\\_kmeans.py:1446: UserWarning: KMeans is known to have a memory leak on Windows with MKL, when there are less chunks than available threads. You can avoid it by setting the environment variable OMP_NUM_THREADS=13.\n",
      "  warnings.warn(\n",
      "c:\\Users\\manas\\anaconda3\\Lib\\site-packages\\sklearn\\cluster\\_kmeans.py:1446: UserWarning: KMeans is known to have a memory leak on Windows with MKL, when there are less chunks than available threads. You can avoid it by setting the environment variable OMP_NUM_THREADS=13.\n",
      "  warnings.warn(\n",
      "c:\\Users\\manas\\anaconda3\\Lib\\site-packages\\sklearn\\cluster\\_kmeans.py:1446: UserWarning: KMeans is known to have a memory leak on Windows with MKL, when there are less chunks than available threads. You can avoid it by setting the environment variable OMP_NUM_THREADS=13.\n",
      "  warnings.warn(\n",
      "c:\\Users\\manas\\anaconda3\\Lib\\site-packages\\sklearn\\cluster\\_kmeans.py:1446: UserWarning: KMeans is known to have a memory leak on Windows with MKL, when there are less chunks than available threads. You can avoid it by setting the environment variable OMP_NUM_THREADS=13.\n",
      "  warnings.warn(\n",
      "c:\\Users\\manas\\anaconda3\\Lib\\site-packages\\sklearn\\cluster\\_kmeans.py:1446: UserWarning: KMeans is known to have a memory leak on Windows with MKL, when there are less chunks than available threads. You can avoid it by setting the environment variable OMP_NUM_THREADS=13.\n",
      "  warnings.warn(\n",
      "c:\\Users\\manas\\anaconda3\\Lib\\site-packages\\sklearn\\cluster\\_kmeans.py:1446: UserWarning: KMeans is known to have a memory leak on Windows with MKL, when there are less chunks than available threads. You can avoid it by setting the environment variable OMP_NUM_THREADS=13.\n",
      "  warnings.warn(\n",
      "c:\\Users\\manas\\anaconda3\\Lib\\site-packages\\sklearn\\cluster\\_kmeans.py:1446: UserWarning: KMeans is known to have a memory leak on Windows with MKL, when there are less chunks than available threads. You can avoid it by setting the environment variable OMP_NUM_THREADS=13.\n",
      "  warnings.warn(\n"
     ]
    },
    {
     "data": {
